


--StartTrack--

TrackNumber: 2
Width: 20 Height: 20
FinishingDirection: 3
TotalStartingPlayers: 6
StartingPositions: 12 9
13 11
13 14
3 0
4 0
5 0
6 0
7 0

Tiles: (1 1) (1 1) (1 1) (1 1) (1 1) (1 1) (1 1) (1 1) (1 1) (1 1) (1 1) (1 1) (1 1) (1 1) (1 1) (1 1) (1 1) (1 1) (1 1) (1 1) 
(1 1) (1 1) (1 1) (1 1) (1 1) (1 1) (1 1) (1 1) (1 1) (1 1) (1 1) (1 1) (1 1) (1 1) (1 1) (1 1) (1 1) (1 1) (1 1) (1 1) 
(1 1) (1 1) (1 1) (1 1) (1 1) (1 1) (1 1) (1 1) (1 1) (1 1) (1 1) (1 1) (1 1) (0 0) (1 1) (1 1) (1 1) (1 1) (1 1) (1 1) 
(1 1) (1 1) (1 1) (1 1) (1 1) (1 1) (1 1) (1 1) (1 1) (1 1) (1 1) (1 1) (1 1) (1 1) (1 1) (1 1) (1 1) (1 1) (1 1) (1 1) 
(1 1) (1 1) (1 1) (1 1) (1 1) (1 1) (1 1) (1 1) (1 1) (1 1) (1 1) (1 1) (1 1) (1 1) (1 1) (1 1) (1 1) (1 1) (1 1) (1 1) 
(1 1) (1 1) (1 1) (1 1) (1 1) (1 1) (1 1) (1 1) (2 2) (1 1) (1 1) (1 1) (1 1) (1 1) (1 1) (1 1) (1 1) (1 1) (1 1) (1 1) 
(1 1) (1 1) (1 1) (1 1) (2 2) (1 1) (1 1) (1 1) (1 1) (1 1) (1 1) (1 1) (2 2) (1 1) (1 1) (1 1) (1 1) (1 1) (1 1) (1 1) 
(1 1) (1 1) (1 1) (1 1) (1 1) (1 1) (2 2) (1 1) (1 1) (1 1) (1 1) (1 1) (1 1) (1 1) (1 1) (1 1) (1 1) (1 1) (1 1) (1 1) 
(1 1) (1 1) (1 1) (1 1) (1 1) (1 1) (1 1) (1 1) (1 1) (1 1) (1 1) (1 1) (1 1) (1 1) [1 1) (1 1) (0 0) (1 1) (1 1) (1 1) 
(1 1) (1 1) (2 2) (1 1) (1 1) [0 1) (1 1) (2 2) (1 1) (1 1) (1 1) (1 1) (1 1) (1 1) (1 1) (1 1) (1 1) (1 1) (2 2) (1 1) 
(1 1) (1 1) (1 1) (1 1) (1 1) (1 1) (1 1) (1 1) (1 1) (1 1) (1 1) (1 1) (1 1) (2 2) (1 1) (2 2) (1 1) (2 2) (1 1) (1 1) 
(1 1) (1 1) (1 1) (1 1) (2 2) (1 1) (1 1) (1 1) (2 0) (1 1) (2 2) (1 1) (1 1) (1 1) (1 1) (1 1) (1 1) (2 2) (1 1) (1 1) 
(1 1) (1 1) (2 2) (1 1) (2 2) (1 1) (1 1) (1 1) (0 0) (1 1) (1 1) (2 2) (1 1) (1 1) (1 1) (1 1) (1 1) (1 1) (1 1) (1 1) 
(1 1) (1 1) (1 1) (1 1) (1 1) (2 2) (1 1) (1 1) (1 1) (1 1) (2 2) (1 1) (2 2) (1 1) (1 1) (0 0) (2 2) (2 2) (2 2) (1 1) 
(1 1) (1 1) (1 1) (1 1) (1 1) (1 1) (1 1) (1 1) (1 1) (1 1) (1 1) (1 1) (1 1) (1 1) (1 1) (1 1) (1 1) (1 1) (1 1) (1 1) 
(1 1) (2 2) (1 1) (1 1) (1 1) (1 1) (2 2) (1 1) (2 2) (1 1) (1 1) (2 2) (1 1) (1 1) (1 1) (1 1) (1 1) (2 2) (1 1) (1 1) 
(1 1) (1 1) (1 1) (1 1) [1 1) (1 1) (1 1) (1 1) (1 1) (1 1) (1 1) (2 2) (1 1) (2 2) (1 1) (1 1) (1 1) (1 1) (1 1) (1 1) 
(1 1) (1 1) (1 1) (1 1) (1 1) (1 1) (1 1) (1 1) (1 1) (1 1) (0 0) (1 1) (1 1) (1 1) (1 1) (1 1) (1 1) (1 1) (1 1) (1 1) 
(1 1) (1 1) (1 1) (1 1) (1 1) (1 1) (1 1) (1 1) (1 1) (1 1) (1 1) (1 1) (1 1) (1 1) (2 2) (1 1) (1 1) (1 1) (1 1) (1 1) 
(1 1) (1 1) (1 1) (1 1) (1 1) (1 1) (1 1) (1 1) (1 1) (1 1) (1 1) (1 1) (1 1) (1 1) (1 1) (1 1) (1 1) (1 1) (1 1) (1 1) 

--EndTrack--


--StartTrack--

TrackNumber: 1
Width: 20 Height: 20
FinishingDirection: 2
TotalStartingPlayers: 5
StartingPositions: 8 10
7 11
2 0
3 0
4 0
5 0
6 0
7 0

Tiles: (1 1) (1 1) (1 1) (1 1) (1 1) (1 1) (1 1) (1 1) (1 1) (1 1) (1 1) (1 1) (1 1) (1 1) (1 1) (1 1) (1 1) (1 1) (1 1) (1 1) 
(1 1) (1 1) (1 1) (1 1) (1 1) (1 1) (1 1) (1 1) (1 1) (1 1) (1 1) (1 1) (1 1) (1 1) (1 1) (1 1) (1 1) (1 1) (1 1) (1 1) 
(1 1) (1 1) (1 1) (1 1) (1 1) (1 1) (1 1) (1 1) (1 1) (1 1) (1 1) (1 1) (1 1) (1 1) (1 1) (1 1) (1 1) (1 1) (1 1) (1 1) 
(1 1) (1 1) (1 1) (1 1) (1 1) (1 1) (1 1) (1 1) (1 1) (1 1) (1 1) (1 1) (1 1) (1 1) (1 1) (1 1) (1 1) (1 1) (1 1) (1 1) 
(1 1) (1 1) (1 1) (1 1) (1 1) (1 1) (1 1) (1 1) (1 1) (1 1) (1 1) (1 1) (4 4) (1 1) (1 1) (1 1) (1 1) (1 1) (1 1) (1 1) 
(1 1) (1 1) (1 1) (1 1) (1 1) (1 1) (1 1) (1 1) (4 4) (1 1) (1 1) (1 1) (1 1) (1 1) (1 1) (1 1) (1 1) (1 1) (1 1) (1 1) 
(1 1) (1 1) (1 1) (1 1) (1 1) (1 1) (1 1) (1 1) (1 1) (1 1) (1 1) (1 1) (1 1) (1 1) (1 1) (4 4) (1 1) (1 1) (1 1) (1 1) 
(1 1) (1 1) (1 1) (1 1) (1 1) (1 1) (1 1) (1 1) (4 4) (1 1) (3 3) (1 1) (1 1) (1 1) (1 1) (1 1) (1 1) (1 1) (1 1) (1 1) 
(1 1) (1 1) (1 1) (1 1) (1 1) (1 1) (1 1) (1 1) (1 1) (1 1) (1 1) (3 3) (1 1) (1 1) (1 1) (1 1) (1 1) (1 1) (1 1) (1 1) 
(1 1) (1 1) (1 1) (1 1) (1 1) (1 1) (1 1) (1 1) (1 1) (1 1) (3 3) (1 1) (1 1) (1 1) (1 1) (1 1) (1 1) (1 1) (1 1) (1 1) 
(1 1) (1 1) (1 1) (1 1) (1 1) (1 1) (1 1) (1 1) (1 1) (1 1) (4 4) (1 1) (1 1) (1 1) (1 1) (1 1) (1 1) (1 1) (1 1) (1 1) 
(1 1) (1 1) (1 1) (1 1) (1 1) (1 1) (1 1) (1 1) (1 1) (1 1) (1 1) (1 1) (1 1) (1 1) (1 1) (1 1) (1 1) (1 1) (1 1) (1 1) 
(1 1) (1 1) (1 1) (1 1) (1 1) (1 1) (4 4) (1 1) (1 1) (1 1) (1 1) (1 1) (3 3) (1 1) (1 1) (1 1) (1 1) (1 1) (1 1) (1 1) 
(1 1) (1 1) (1 1) (1 1) (1 1) (1 1) (3 3) (3 1) (1 1) (1 1) (1 1) (1 1) (1 1) (1 1) (1 1) (4 4) (1 1) (1 1) (1 1) (1 1) 
(1 1) (1 1) (1 1) (1 1) (1 1) (1 1) (3 3) (1 1) (1 1) (1 1) (3 3) (1 1) (1 1) (1 1) (1 1) (1 1) (1 1) (1 1) (1 1) (1 1) 
(1 1) (1 1) (1 1) (1 1) (1 1) (1 1) (1 1) (3 3) (1 1) [4 4) [1 1) (1 1) (1 1) (1 1) (1 1) (1 1) (1 1) (1 1) (1 1) (1 1) 
(1 1) (1 1) (1 1) (1 1) (1 1) (1 1) (1 1) (1 1) (1 1) (3 3) (1 1) (1 1) (1 1) (1 1) (1 1) (1 1) (1 1) (1 1) (1 1) (1 1) 
(1 1) (1 1) (1 1) (1 1) (1 1) (1 1) (1 1) (1 1) (1 1) (1 1) (1 1) (1 1) (1 1) (1 1) (1 1) (1 1) (1 1) (1 1) (1 1) (1 1) 
(1 1) (1 1) (1 1) (1 1) (1 1) (1 1) (1 1) (1 1) (1 1) (4 4) (1 1) (1 1) (1 1) (1 1) (1 1) (1 1) (1 1) (1 1) (1 1) (1 1) 
(1 1) (1 1) (1 1) (1 1) (1 1) (1 1) (1 1) (1 1) (1 1) (1 1) (1 1) (1 1) (1 1) (1 1) (1 1) (1 1) (1 1) (1 1) (1 1) (1 1) 

--EndTrack--