


--StartTrack--

TrackNumber: 2
Dimensions: 27 16
FinishingDirection: 2
TotalStartingPlayers: 8
StartingPositions: 6 1
6 2
6 3
6 4
7 1
7 2
7 3
7 4
----

Tiles: (2 2] (2 2] (2 2] (2 2] (2 2] (2 2] (2 2] (2 2] (2 2] (2 2] (2 2] (2 2] (2 2] (2 2] (2 2] (2 2] (2 2] (2 2] (2 2] (2 2] (2 2] (2 2] (2 2] (2 2] (2 2] (2 2] (2 2] - 
(2 2] (2 2] [1 2) (1 1] (1 1] (4 4] (1 1] (1 1] (1 1] (1 1] (1 1] (1 1] (1 1] (1 1] (1 1] (1 1] (1 1] (1 1] (1 1] (1 1] (1 1] (1 1] (1 1] (1 1] (1 1] (1 1] (2 2] - 
(2 2] [1 2) (1 1] (1 1] (1 1] (4 4] (1 1] (1 1] (2 2] (2 2] (1 1) (1 1] (1 1] (1 1] (1 1] (1 1] (1 1) (1 1] (1 1] (1 1] (1 1] (1 1] (1 1] (1 1] (1 1] (1 1] (2 2] - 
(2 2] (1 1] (1 1] (1 1] (1 1] (4 4] (1 1] (1 1] (1 1] (1 1] (1 1] (1 1] [1 1) (1 1] (1 1] (1 1] (1 1] (1 1] (1 1] (1 1] (1 1] (1 1] (1 1) (1 1] (1 1] (1 1] (2 2] - 
(2 2] (1 1] (1 1] (1 1] (1 1] (4 4] (1 1] (1 1] (2 2] (2 2] (1 1] (1 1] (1 1] (1 1] (1 1] (1 1] (1 1] (1 1] (0 0] (1 1] (1 1] (1 1] (1 1] (1 1] (1 1] (1 1] (2 2] - 
(2 2] (1 1] (1 1] [0 1) (1 1] (0 0] (0 0] (0 0] (0 0] (0 0] (0 0] (0 0] (0 0] (0 0] (0 0] (0 0] (0 0] (0 0] (0 0] (0 0] (0 0] (0 1) (1 0) (0 1) (1 1] (1 1] (2 2] - 
(2 2] (1 1] (1 1] (0 0] (1 1] (0 0] (0 0] (0 0] (0 0] (0 0] (0 0] (0 0] (0 0] (0 0] (0 0] (0 0] (0 0] (0 0] (0 0] (0 0] (0 0] (0 0] (1 1] (0 0] (1 1] (1 1] (2 2] - 
(2 2] (1 1] (1 1] (0 0] (1 1] (0 0] (0 0] (0 0] (0 0] (0 0] (0 0] (0 0] (0 0] (0 0] (0 0] (0 0] (0 0] (0 0] (0 0] (0 0] (0 0] (0 0] (1 1] (0 0] (1 1] (1 1] (2 2] - 
(2 2] (1 1] (1 1] (0 0] (1 1] (0 0] (0 0] (0 0] (0 0] (0 0] (0 0] (0 0] (0 0] (0 0] (0 0] (0 0] (0 0] (0 0] (0 0] (0 0] (0 0] (0 0] (1 1] (0 0] (1 1] (1 1] (2 2] - 
(2 2] (1 1] (1 1] (0 0] (1 1] (0 0] (0 0] (0 0] (0 0] (0 0] (0 0] (0 0] (0 0] (0 0] (0 0] (0 0] (0 0] (0 0] (0 0] (0 0] (0 0] (0 0] (1 1] (0 0] (1 1] (1 1] (2 2] - 
(2 2] (1 1] (1 1] (1 0) (0 1) (1 0) (0 0] (0 0] (0 0] (0 0] (0 0] (0 0] (0 0] (0 0] (0 0] (0 0] (0 0] (0 0] (0 0] (0 0] (0 0] [1 0) [0 1) [1 0) (1 1] (1 1] (2 2] - 
(2 2] (1 1] (1 1] (1 1] (1 1] (1 1] (1 2) (2 2] (2 2] (3 3] (3 3] (3 3] (3 3] (3 3] (3 3] (1 1] (3 3] (3 3] (0 0] (3 3] (3 3] (1 1] (1 1] (1 1] (1 1] (1 1] (2 2] - 
(2 2] (1 1] (1 1] (1 1] (1 1] (1 1] (1 1] (1 2) (2 2] (3 3] (3 3] (3 3] (3 3] (3 3] (3 3] (3 3] (3 3] (3 3] (1 1] (3 3] (3 3] (1 1] (1 1] (1 1] (1 1] (1 1] (2 2] - 
(2 2] (2 1) (1 1] (1 1] (1 1] (1 1] (1 1] (1 1] (1 1] (3 3] (3 3] (3 3] (3 3] (3 3] (3 3] (3 3] (3 3] (3 3] (3 3] (3 3] (3 3] (1 1] (1 1] (1 1] (1 1] [2 1) (2 2] - 
(2 2] (2 2] (2 1) (1 1] (1 1] (1 1] (1 1] (1 1] (1 1] (3 3] (3 3] (3 3] (3 3] (3 3] (3 3] (3 3] (3 3] (3 3] (3 3] (3 3] (3 3] (1 1] (1 1] (1 1] [2 1) (2 2] (2 2] - 
(2 2] (2 2] (2 2] (2 2] (2 2] (2 2] (2 2] (2 2] (2 2] (2 2] (2 2] (2 2] (2 2] (2 2] (2 2] (2 2] (2 2] (2 2] (2 2] (2 2] (2 2] (2 2] (2 2] (2 2] (2 2] (2 2] (2 2] - 
----
Traps: Trap 1: 
MainSwitch: 0
SwitchPositions: 15 11
15 4
----

TrapData: 15 10 : 1 : 0 1 
15 9 : 1 : 0 1 
15 8 : 1 : 0 1 
15 7 : 1 : 0 1 
15 6 : 1 : 0 1 
15 5 : 0 : 0 1 
----

Wiring: 15.5 11.5 : 15.5 11 
15.5 4.5 : 15.5 5 
----

--EndTrap--

Trap 2: 
MainSwitch: 0
SwitchPositions: 18 12
18 3
----

TrapData: 18 11 : 1 : 0 1 
18 10 : 1 : 0 1 
18 9 : 1 : 0 1 
18 8 : 1 : 0 1 
18 7 : 0 : 0 1 
18 6 : 0 : 0 1 
18 5 : 1 : 0 1 
18 4 : 0 : 0 1 
----

Wiring: 18.5 3.5 : 18.5 4 
18.5 12.5 : 18.5 12 
----

--EndTrap--

Trap 3: 
MainSwitch: 1
SwitchPositions: 13 2
13 3
11 3
11 2
----

TrapData: 8 2 : 0 : 1 2 
8 1 : 0 : 2 1 
9 2 : 1 : 1 2 
9 1 : 1 : 2 1 
9 3 : 0 : 2 1 
9 4 : 1 : 1 2 
8 4 : 1 : 1 2 
8 3 : 1 : 2 1 
----

Wiring: 11.5 2.5 : 11.5 3 
11.5 3 : 11.5 3.5 
13.5 2.5 : 13.5 3.5 
13.5 3.5 : 10 3.5 
----

--EndTrap--

Trap 4: 
MainSwitch: 0
SwitchPositions: ----

TrapData: ----

Wiring: ----

--EndTrap--

Trap 5: 
MainSwitch: 0
SwitchPositions: ----

TrapData: ----

Wiring: ----

--EndTrap--

Trap 6: 
MainSwitch: 0
SwitchPositions: ----

TrapData: ----

Wiring: ----

--EndTrap--

Trap 7: 
MainSwitch: 0
SwitchPositions: ----

TrapData: ----

Wiring: ----

--EndTrap--

Trap 8: 
MainSwitch: 0
SwitchPositions: ----

TrapData: ----

Wiring: ----

--EndTrap--

Trap 9: 
MainSwitch: 0
SwitchPositions: ----

TrapData: ----

Wiring: ----

--EndTrap--

Trap 10: 
MainSwitch: 0
SwitchPositions: ----

TrapData: ----

Wiring: ----

--EndTrap--

--EndTraps--


--EndTrack--


--StartTrack--

TrackNumber: 3
Dimensions: 20 20
FinishingDirection: 0
TotalStartingPlayers: 4
StartingPositions: 0 0
1 0
2 0
3 0
4 0
5 0
6 0
7 0
----

Tiles: (1 1] (1 1] (1 1] (1 1] (1 1] (1 1] (1 1] (1 1] (1 1] (1 1] (1 1] (1 1] (1 1] (1 1] (1 1] (1 1] (1 1] (1 1] (1 1] (1 1] - 
(1 1] (1 1] (1 1] (1 1] (1 1] (1 1] (1 1] (1 1] (1 1] (1 1] (1 1] (1 1] (1 1] (1 1] (1 1] (1 1] (1 1] (1 1] (1 1] (1 1] - 
(1 1] (1 1] (1 1] (1 1] (1 1] (1 1] (1 1] (1 1] (1 1] (1 1] (1 1] (1 1] (1 1] (1 1] (1 1] (1 1] (1 1] (1 1] (1 1] (1 1] - 
(1 1] (1 1] (1 1] (1 1] (1 1] (1 1] (1 1] (1 1] (1 1] (1 1] (1 1] (1 1] (1 1] (1 1] (1 1] (1 1] (1 1] (1 1] (1 1] (1 1] - 
(1 1] (1 1] (1 1] (1 1] (1 1] (1 1] (1 1] (1 1] (1 1] (1 1] (1 1] (1 1] (1 1] (1 1] (1 1] (1 1] (1 1] (1 1] (1 1] (1 1] - 
(1 1] (1 1] (1 1] (1 1] (1 1] (1 1] (1 1] (1 1] (1 1] (1 1] (1 1] (1 1] (1 1] (1 1] (1 1] (1 1] (1 1] (1 1] (1 1] (1 1] - 
(1 1] (1 1] (1 1] (1 1] (1 1] (1 1] (1 1] (1 1] (1 1] (1 1] (1 1] (1 1] (1 1] (1 1] (1 1] (1 1] (1 1] (1 1] (1 1] (1 1] - 
(1 1] (1 1] (1 1] (1 1] (1 1] (1 1] (1 1] (1 1] (1 1] (1 1] (1 1] (1 1] (1 1] (1 1] (1 1] (1 1] (1 1] (1 1] (1 1] (1 1] - 
(1 1] (1 1] (1 1] (1 1] (1 1] (1 1] (1 1] (1 1] (1 1] (1 1] (1 1] (1 1] (1 1] (1 1] (1 1] (1 1] (1 1] (1 1] (1 1] (1 1] - 
(1 1] (1 1] (1 1] (1 1] (1 1] (1 1] (1 1] (1 1] (1 1] (1 1] (1 1] (1 1] (1 1] (1 1] (1 1] (1 1] (1 1] (1 1] (1 1] (1 1] - 
(1 1] (1 1] (1 1] (1 1] (1 1] (1 1] (1 1] (1 1] (1 1] (1 1] (1 1] (1 1] (1 1] (1 1] (1 1] (1 1] (1 1] (1 1] (1 1] (1 1] - 
(1 1] (1 1] (1 1] (1 1] (1 1] (1 1] (1 1] (1 1] (1 1] (1 1] (1 1] (1 1] (1 1] (1 1] (1 1] (1 1] (1 1] (1 1] (1 1] (1 1] - 
(1 1] (1 1] (1 1] (1 1] (1 1] (1 1] (1 1] (1 1] (1 1] (1 1] (1 1] (1 1] (1 1] (1 1] (1 1] (1 1] (1 1] (1 1] (1 1] (1 1] - 
(1 1] (1 1] (1 1] (1 1] (1 1] (1 1] (1 1] (1 1] (1 1] (1 1] (1 1] (1 1] (1 1] (1 1] (1 1] (1 1] (1 1] (1 1] (1 1] (1 1] - 
(1 1] (1 1] (1 1] (1 1] (1 1] (1 1] (1 1] (1 1] (1 1] (1 1] (1 1] (1 1] (1 1] (1 1] (1 1] (1 1] (1 1] (1 1] (1 1] (1 1] - 
(1 1] (1 1] (1 1] (1 1] (1 1] (1 1] (1 1] (1 1] (1 1] (1 1] (1 1] (1 1] (1 1] (1 1] (1 1] (1 1] (1 1] (1 1] (1 1] (1 1] - 
(1 1] (1 1] (1 1] (1 1] (1 1] (1 1] (1 1] (1 1] (1 1] (1 1] (1 1] (1 1] (1 1] (1 1] (1 1] (1 1] (1 1] (1 1] (1 1] (1 1] - 
(1 1] (1 1] (1 1] (1 1] (1 1] (1 1] (1 1] (1 1] (1 1] (1 1] (1 1] (1 1] (1 1] (1 1] (1 1] (1 1] (1 1] (1 1] (1 1] (1 1] - 
(1 1] (1 1] (1 1] (1 1] (1 1] (1 1] (1 1] (1 1] (1 1] (1 1] (1 1] (1 1] (1 1] (1 1] (1 1] (1 1] (1 1] (1 1] (1 1] (1 1] - 
(1 1] (1 1] (1 1] (1 1] (1 1] (1 1] (1 1] (1 1] (1 1] (1 1] (1 1] (1 1] (1 1] (1 1] (1 1] (1 1] (1 1] (1 1] (1 1] (1 1] - 
----
Traps: Trap 1: 
MainSwitch: 0
SwitchPositions: ----

TrapData: ----

Wiring: ----

--EndTrap--

Trap 2: 
MainSwitch: 0
SwitchPositions: ----

TrapData: ----

Wiring: ----

--EndTrap--

Trap 3: 
MainSwitch: 0
SwitchPositions: ----

TrapData: ----

Wiring: ----

--EndTrap--

Trap 4: 
MainSwitch: 0
SwitchPositions: ----

TrapData: ----

Wiring: ----

--EndTrap--

Trap 5: 
MainSwitch: 0
SwitchPositions: ----

TrapData: ----

Wiring: ----

--EndTrap--

Trap 6: 
MainSwitch: 0
SwitchPositions: ----

TrapData: ----

Wiring: ----

--EndTrap--

Trap 7: 
MainSwitch: 0
SwitchPositions: ----

TrapData: ----

Wiring: ----

--EndTrap--

Trap 8: 
MainSwitch: 0
SwitchPositions: ----

TrapData: ----

Wiring: ----

--EndTrap--

Trap 9: 
MainSwitch: 0
SwitchPositions: ----

TrapData: ----

Wiring: ----

--EndTrap--

Trap 10: 
MainSwitch: 0
SwitchPositions: ----

TrapData: ----

Wiring: ----

--EndTrap--

--EndTraps--


--EndTrack--


--StartTrack--

TrackNumber: 1
Dimensions: 20 15
FinishingDirection: 0
TotalStartingPlayers: 8
StartingPositions: 11 10
11 11
10 10
10 11
9 10
9 11
8 10
8 11
----

Tiles: (0 0] (0 0] (0 0] (0 0] (0 0] (0 0] (0 0] (0 0] (0 0] (0 0] (0 0] [1 0) (1 1] (1 1] (1 1] (1 1] (1 1] (1 0) (0 0] (0 0] - 
(0 0] [1 0) (1 1] (1 1] (1 1] (1 1] (1 0) (0 0] (0 0] (0 0] [1 0) (1 1] (1 1] (1 1] (1 1] (1 1] (1 1] (1 1] (1 0) (0 0] - 
[1 0) (1 1] (1 1] (1 1] (1 1] (1 1] (1 1] (1 0) (0 0] [1 0) (1 1] (1 1] (1 1] (1 1] (1 1] (1 1] [0 1) (1 1] (1 1] (1 0) - 
(1 1] (1 1] (1 1] [2 1) (0 0] (0 0] (0 1) (1 1] (1 1] (1 1] (1 1] (1 1] [0 1) (0 0] (0 0] (0 1) [0 0) (1 1] (1 1] (1 1] - 
(1 1] (1 1] (1 1] (2 2] (0 0] (0 0] (0 0] (0 1) (1 1] (1 1] (1 1] [0 1) (0 0] (0 0] (0 0] (0 0] (1 1] (1 1] (1 1] (1 1] - 
(1 1] (2 2] (2 2] (2 2] (0 0] (0 0] (0 0] (0 0] (0 0] (0 0] (0 0] (0 0] (0 0] (0 0] (0 0] (0 0] (2 2] (1 1] (2 2] (1 1] - 
(1 1] (1 1] (1 1] (2 2] (0 0] (0 0] (0 0] (0 0] (0 0] (0 0] (0 0] (0 0] (0 0] (0 0] (0 0] (0 0] (2 2] (1 1] (1 1] (1 1] - 
(1 1] (1 1] (1 1] (2 2] (0 0] (0 0] (0 0] (0 0] (0 0] (0 0] (0 0] (0 0] (0 0] (0 0] (0 0] (0 0] (2 2] (1 1] (1 1] (1 1] - 
(2 2] (2 2] (1 1] (2 2] (0 0] (0 0] (0 0] (0 0] (0 0] (0 0] (0 0] (0 0] (0 0] (0 0] (0 0] (0 0] (2 2] (1 1] (1 1] (1 1] - 
(1 1] (1 1] (1 1] (1 2) (2 2] (2 2] (2 2] (2 2] (2 2] (2 2] (2 2] (2 2] (2 2] (2 2] (2 2] (2 2] (2 2] (1 1] (1 1] (1 1] - 
(1 1] (1 1] (1 1] (1 1] (1 1] (1 1] (1 1] (1 1] (1 1] (1 1] (1 1] (1 1] (4 4] (1 1] (1 1] (1 2) [1 2) (1 1] (1 1] [2 1) - 
(2 1) (1 1] (1 1] (1 1] (1 1] (1 1] (0 0] (1 1] (1 1] (1 1] (1 1] (1 1] (4 4] (0 0] (0 0] (0 0] (0 0] (1 1] [2 1) [2 2) - 
(2 2] (1 1] (1 1] (1 1] (1 1] (1 1] (0 1) (1 0) (0 0] [1 0) [0 1) (0 0] (4 4] (1 1] (1 1) (1 1] (1 1] [2 1) (2 2] (2 2] - 
(2 2] (2 1) (1 1] (1 1] (1 1] (1 1] (1 1] (1 1] (1 1] (1 1] (1 1] (1 1] (2 2] (1 1) [2 1) (2 2] (2 2] (2 2] (2 2] (2 2] - 
(2 2] (2 2] (2 1) (1 1] (1 1] (1 1] (1 1] (1 1] (1 1] (1 1] (1 1] (1 1] (2 2] [2 1) (2 2] (2 2] (2 2] (2 2] (2 2] (2 2] - 
----
Traps: Trap 1: 
MainSwitch: 0
SwitchPositions: 5 12
5 10
5 14
----

TrapData: 12 10 : 1 : 4 2 
12 11 : 0 : 4 2 
12 12 : 0 : 4 4 
12 13 : 0 : 2 4 
12 14 : 0 : 2 4 
6 11 : 1 : 0 1 
----

Wiring: 5.5 10.5 : 5.5 14.5 
5.5 12.5 : 12 12.5 
8.5 11.5 : 10 11.5 
9.5 11.5 : 9.5 14.5 
15.5 12 : 17.5 10 
17.5 11 : 18.5 9.5 
----

--EndTrap--

Trap 2: 
MainSwitch: 0
SwitchPositions: 18 8
----

TrapData: 19 5 : 1 : 1 2 
18 5 : 0 : 2 1 
17 5 : 1 : 1 2 
----

Wiring: 18.5 8.5 : 18.5 6 
----

--EndTrap--

Trap 3: 
MainSwitch: 0
SwitchPositions: 12 0
5 1
----

TrapData: 8 3 : 1 : 1 3 
8 4 : 0 : 1 3 
7 4 : 1 : 1 3 
7 3 : 0 : 1 3 
6 3 : 1 : 1 3 
7 2 : 0 : 1 3 
6 2 : 0 : 1 3 
6 2 : 1 : 1 3 
9 3 : 0 : 1 3 
9 2 : 0 : 1 3 
10 2 : 1 : 1 3 
10 3 : 1 : 1 3 
10 4 : 1 : 1 3 
9 4 : 1 : 1 3 
11 3 : 0 : 1 3 
11 4 : 1 : 1 3 
11 2 : 0 : 1 3 
10 1 : 0 : 1 3 
12 3 : 1 : 1 3 
12 2 : 0 : 1 3 
12 1 : 0 : 1 3 
11 0 : 0 : 1 3 
11 1 : 0 : 1 3 
6 1 : 0 : 1 3 
----

Wiring: 12.5 0.5 : 12.5 1 
5.5 1.5 : 6 1.5 
----

--EndTrap--

Trap 4: 
MainSwitch: 0
SwitchPositions: 1 4
1 7
----

TrapData: 2 5 : 0 : 2 1 
1 5 : 1 : 2 2 
0 8 : 0 : 2 1 
1 8 : 0 : 2 2 
2 8 : 0 : 1 2 
0 5 : 0 : 1 2 
0 5 : 1 : 1 2 
----

Wiring: 1.5 7.5 : 1.5 6 
1.5 4.5 : 1.5 5 
----

--EndTrap--

Trap 5: 
MainSwitch: 0
SwitchPositions: ----

TrapData: ----

Wiring: ----

--EndTrap--

Trap 6: 
MainSwitch: 0
SwitchPositions: ----

TrapData: ----

Wiring: ----

--EndTrap--

Trap 7: 
MainSwitch: 0
SwitchPositions: ----

TrapData: ----

Wiring: ----

--EndTrap--

Trap 8: 
MainSwitch: 0
SwitchPositions: ----

TrapData: ----

Wiring: ----

--EndTrap--

Trap 9: 
MainSwitch: 0
SwitchPositions: ----

TrapData: ----

Wiring: ----

--EndTrap--

Trap 10: 
MainSwitch: 0
SwitchPositions: ----

TrapData: ----

Wiring: ----

--EndTrap--

--EndTraps--


--EndTrack--