


--StartTrack--

TrackNumber: 2
Dimensions: 20 20
FinishingDirection: 0
TotalStartingPlayers: 4
StartingPositions: 0 0
1 0
2 0
3 0
4 0
5 0
6 0
7 0
----

Tiles: (1 1] (1 1] (1 1] (1 1] (1 1] (1 1] (1 1] (1 1] (1 1] (1 1] (1 1] (1 1] (1 1] (1 1] (1 1] (1 1] (1 1] (1 1] (1 1] (1 1] - 
(1 1] (1 1] (1 1] (1 1] (1 1] (1 1] (1 1] (1 1] (1 1] (1 1] (1 1] (1 1] (1 1] (1 1] (1 1] (1 1] (1 1] (1 1] (1 1] (1 1] - 
(1 1] (1 1] (1 1] (1 1] (1 1] (1 1] (1 1] (1 1] (1 1] (1 1] (1 1] (1 1] (1 1] (1 1] (1 1] (1 1] (1 1] (1 1] (1 1] (1 1] - 
(1 1] (1 1] (1 1] (1 1] (1 1] (1 1] (1 1] (1 1] (1 1] (1 1] (1 1] (1 1] (1 1] (1 1] (1 1] (1 1] (1 1] (1 1] (1 1] (1 1] - 
(1 1] (1 1] (1 1] (1 1] (1 1] (1 1] (1 1] (1 1] (1 1] (1 1] (1 1] (1 1] (1 1] (1 1] (1 1] (1 1] (1 1] (1 1] (1 1] (1 1] - 
(1 1] (1 1] (1 1] (1 1] (1 1] (1 1] (1 1] (1 1] (1 1] (1 1] (1 1] (1 1] (1 1] (1 1] (1 1] (1 1] (1 1] (1 1] (1 1] (1 1] - 
(1 1] (1 1] (1 1] (1 1] (1 1] (1 1] (1 1] (1 1] (1 1] (1 1] (1 1] (1 1] (1 1] (1 1] (1 1] (1 1] (1 1] (1 1] (1 1] (1 1] - 
(1 1] (1 1] (1 1] (1 1] (1 1] (1 1] (1 1] (1 1] (1 1] (1 1] (1 1] (1 1] (1 1] (1 1] (1 1] (1 1] (1 1] (1 1] (1 1] (1 1] - 
(1 1] (1 1] (1 1] (1 1] (1 1] (1 1] (1 1] (1 1] (1 1] (1 1] (1 1] (1 1] (1 1] (1 1] (1 1] (1 1] (1 1] (1 1] (1 1] (1 1] - 
(1 1] (1 1] (1 1] (1 1] (1 1] (1 1] (1 1] (1 1] (1 1] (1 1] (1 1] (1 1] (1 1] (1 1] (1 1] (1 1] (1 1] (1 1] (1 1] (1 1] - 
(1 1] (1 1] (1 1] (1 1] (1 1] (1 1] (1 1] (1 1] (1 1] (1 1] (1 1] (1 1] (1 1] (1 1] (1 1] (1 1] (1 1] (1 1] (1 1] (1 1] - 
(1 1] (1 1] (1 1] (1 1] (1 1] (1 1] (1 1] (1 1] (1 1] (1 1] (1 1] (1 1] (1 1] (1 1] (1 1] (1 1] (1 1] (1 1] (1 1] (1 1] - 
(1 1] (1 1] (1 1] (1 1] (1 1] (1 1] (1 1] (1 1] (1 1] (1 1] (1 1] (1 1] (1 1] (1 1] (1 1] (1 1] (1 1] (1 1] (1 1] (1 1] - 
(1 1] (1 1] (1 1] (1 1] (1 1] (1 1] (1 1] (1 1] (1 1] (1 1] (1 1] (1 1] (1 1] (1 1] (1 1] (1 1] (1 1] (1 1] (1 1] (1 1] - 
(1 1] (1 1] (1 1] (1 1] (1 1] (1 1] (1 1] (1 1] (1 1] (1 1] (1 1] (1 1] (1 1] (1 1] (1 1] (1 1] (1 1] (1 1] (1 1] (1 1] - 
(1 1] (1 1] (1 1] (1 1] (1 1] (1 1] (1 1] (1 1] (1 1] (1 1] (1 1] (1 1] (1 1] (1 1] (1 1] (1 1] (1 1] (1 1] (1 1] (1 1] - 
(1 1] (1 1] (1 1] (1 1] (1 1] (1 1] (1 1] (1 1] (1 1] (1 1] (1 1] (1 1] (1 1] (1 1] (1 1] (1 1] (1 1] (1 1] (1 1] (1 1] - 
(1 1] (1 1] (1 1] (1 1] (1 1] (1 1] (1 1] (1 1] (1 1] (1 1] (1 1] (1 1] (1 1] (1 1] (1 1] (1 1] (1 1] (1 1] (1 1] (1 1] - 
(1 1] (1 1] (1 1] (1 1] (1 1] (1 1] (1 1] (1 1] (1 1] (1 1] (1 1] (1 1] (1 1] (1 1] (1 1] (1 1] (1 1] (1 1] (1 1] (1 1] - 
(1 1] (1 1] (1 1] (1 1] (1 1] (1 1] (1 1] (1 1] (1 1] (1 1] (1 1] (1 1] (1 1] (1 1] (1 1] (1 1] (1 1] (1 1] (1 1] (1 1] - 
----
Traps: Trap 1: 
MainSwitch: 0
SwitchPositions: ----

TrapData: ----

Wiring: ----

--EndTrap--

Trap 2: 
MainSwitch: 0
SwitchPositions: ----

TrapData: ----

Wiring: ----

--EndTrap--

Trap 3: 
MainSwitch: 0
SwitchPositions: ----

TrapData: ----

Wiring: ----

--EndTrap--

Trap 4: 
MainSwitch: 0
SwitchPositions: ----

TrapData: ----

Wiring: ----

--EndTrap--

Trap 5: 
MainSwitch: 0
SwitchPositions: ----

TrapData: ----

Wiring: ----

--EndTrap--

Trap 6: 
MainSwitch: 0
SwitchPositions: ----

TrapData: ----

Wiring: ----

--EndTrap--

Trap 7: 
MainSwitch: 0
SwitchPositions: ----

TrapData: ----

Wiring: ----

--EndTrap--

Trap 8: 
MainSwitch: 0
SwitchPositions: ----

TrapData: ----

Wiring: ----

--EndTrap--

Trap 9: 
MainSwitch: 0
SwitchPositions: ----

TrapData: ----

Wiring: ----

--EndTrap--

Trap 10: 
MainSwitch: 0
SwitchPositions: ----

TrapData: ----

Wiring: ----

--EndTrap--

--EndTraps--


--EndTrack--


--StartTrack--

TrackNumber: 1
Dimensions: 20 20
FinishingDirection: 0
TotalStartingPlayers: 4
StartingPositions: 0 0
1 0
2 0
3 0
4 0
5 0
6 0
7 0
----

Tiles: (1 1] (1 1] (1 1] (1 1] (1 1] (1 1] (1 1] (1 1] (1 1] (1 1] (1 1] (1 1] (1 1] (1 1] (1 1] (1 1] (1 1] (1 1] (1 1] (1 1] - 
(1 1] (1 1] (1 1] (1 1] (1 1] (1 1] (1 1] (1 1] (1 1] (1 1] (1 1] (1 1] (1 1] (1 1] (1 1] (1 1] (1 1] (1 1] (1 1] (1 1] - 
(1 1] (1 1] (1 1] (1 1] (1 1] (1 1] (1 1] (1 1] (1 1] (1 1] (1 1] (1 1] (1 1] (1 1] (1 1] (1 1] (1 1] (1 1] (1 1] (1 1] - 
(1 1] (1 1] (1 1] (1 1] (1 1] (1 1] (1 1] (1 1] (1 1] (1 1] (1 1] (1 1] (1 1] (1 1] (1 1] (1 1] (1 1] (1 1] (1 1] (1 1] - 
(1 1] (1 1] (1 1] (1 1] (1 1] (1 1] (1 1] (1 1] (1 1] (1 1] (3 3] (3 3] (3 3] (3 3] (3 3] (1 1] (1 1] (1 1] (1 1] (1 1] - 
(1 1] (1 1] (1 1] (1 1] (1 1] (1 1] (0 0] (1 1] (1 1] (1 1] (3 3] (3 3] (3 3] (3 3] (3 3] (1 1] (1 1] (1 1] (1 1] (1 1] - 
(1 1] (1 1] (1 1] (3 3] (1 1] (1 1] (1 1] (1 1] (1 1] (1 1] (3 3] (3 3] (3 3] (3 3] (3 3] (1 1] (1 1] (1 1] (1 1] (1 1] - 
(1 1] (1 1] (1 1] (1 1] (2 2] (1 1] (1 1] (2 2] (2 2] (1 1] (3 3] (3 3] (3 3] (3 3] (3 3] (1 1] (1 1] (1 1] (1 1] (1 1] - 
(1 1] (1 1] (2 2] (1 1] (2 2] (1 1] (1 1] (2 2] (1 1] (1 1] (3 3] (3 3] (3 3] (3 3] (3 3] (1 1] (1 1] (1 1] (1 1] (1 1] - 
(1 1] (1 1] (1 1] (1 1] (1 1] (2 2] (1 1] (1 1] [0 1) (1 1] (3 3] (3 3] (3 3] (3 3] (3 3] (1 1] (1 1] (1 1] (1 1] (1 1] - 
(1 1] (1 1] (1 1] (2 2] (1 1] (1 1] (1 1] (1 1] (1 1] (1 1] (1 1] (3 3] (3 3] (1 1] (1 1] (1 1] (1 1] (1 1] (3 3] (1 1] - 
(1 1] (1 1] (1 1] (1 1] (1 1] (0 0] (1 1] (1 1] (1 1] (1 1] (1 1) (3 3] (1 1] (1 1] (1 1] (1 1] (1 1] (1 1] (1 1] (1 1] - 
(1 1] (1 1] (1 1] (1 1] (0 0] (1 1] (1 1] (1 1] (1 1] (1 1] [3 1) (1 1] (1 1] (1 1] (1 1] (1 1] (1 1] (3 3] (1 1] (1 1] - 
(1 1] (1 1] (1 1] (1 1] (1 1] (1 1] (1 1] (1 1] (0 0] (1 1] (1 1] (1 1] (1 1] (1 1] (1 1] (1 1] (1 1] (1 1] (1 1] (1 1] - 
(1 1] (1 1] (1 1] (1 1] (0 0] (1 1] (0 0] (1 1] (1 1] (1 1] (1 1] (1 1] (0 0] (1 1] (1 1] (1 1] (1 1] (1 1] (3 3] (1 1] - 
(1 1] (1 1] (1 1] (1 1] (1 1] (0 0] (1 1] (1 1] (1 1] (1 1] (1 1] (0 0] (1 1] (1 1] (1 1] (3 3] (1 1] (1 1] (1 1] (1 1] - 
(1 1] (1 1] (1 1] (1 1] (1 1] (1 1] (1 1] (1 1] (0 0] (1 1] (1 1] (1 1] (1 1] (1 1] (3 3] (1 1] (1 1] (1 1] (1 1] (1 1] - 
(1 1] (1 1] (1 1] (1 1] (0 0] (1 1] (1 1] (1 1] (1 1] (1 1] (1 1] (1 1] (1 1] (1 1] (1 1] (1 1] (1 1] (1 1] (1 1] (1 1] - 
(1 1] (1 1] (1 1] (1 1] (1 1] (1 1] (1 1] (1 1] (1 1] (1 1] (1 1] (1 1] (1 1] (3 3] (1 1] (1 1] (1 1] (1 1] (1 1] (1 1] - 
(1 1] (1 1] (1 1] (1 1] (1 1] (1 1] (1 1] (1 1] (1 1] (1 1] (1 1] (1 1] (1 1] (1 1] (1 1] (1 1] (1 1] (1 1] (1 1] (1 1] - 
----
Traps: Trap 1: 
MainSwitch: 1
SwitchPositions: 17 6
17 7
17 8
17 9
15 9
----

TrapData: 15 12 : 0 : 0 1 
14 10 : 0 : 0 1 
----

Wiring: 15.5 15.5 : 17 15.5 
16.5 15.5 : 16.5 12 
16.5 12 : 15.5 12.5 
16.5 14 : 16 14 
17.5 16 : 17.5 17 
17 18 : 13.5 18.5 
15.5 9 : 17 6 
17 6 : 18 6.5 
----

--EndTrap--

Trap 2: 
MainSwitch: 0
SwitchPositions: ----

TrapData: ----

Wiring: ----

--EndTrap--

Trap 3: 
MainSwitch: 0
SwitchPositions: ----

TrapData: ----

Wiring: ----

--EndTrap--

Trap 4: 
MainSwitch: 0
SwitchPositions: ----

TrapData: ----

Wiring: ----

--EndTrap--

Trap 5: 
MainSwitch: 0
SwitchPositions: ----

TrapData: ----

Wiring: ----

--EndTrap--

Trap 6: 
MainSwitch: 0
SwitchPositions: ----

TrapData: ----

Wiring: ----

--EndTrap--

Trap 7: 
MainSwitch: 0
SwitchPositions: ----

TrapData: ----

Wiring: ----

--EndTrap--

Trap 8: 
MainSwitch: 0
SwitchPositions: ----

TrapData: ----

Wiring: ----

--EndTrap--

Trap 9: 
MainSwitch: 0
SwitchPositions: ----

TrapData: ----

Wiring: ----

--EndTrap--

Trap 10: 
MainSwitch: 0
SwitchPositions: ----

TrapData: ----

Wiring: ----

--EndTrap--

--EndTraps--


--EndTrack--


--StartTrack--

TrackNumber: 3
Dimensions: 20 20
FinishingDirection: 0
TotalStartingPlayers: 4
StartingPositions: 0 0
1 0
2 0
3 0
4 0
5 0
6 0
7 0
----

Tiles: (1 1] (1 1] (1 1] (1 1] (1 1] (1 1] (1 1] (1 1] (1 1] (1 1] (1 1] (1 1] (1 1] (1 1] (1 1] (1 1] (1 1] (1 1] (1 1] (1 1] - 
(1 1] (1 1] (1 1] (1 1] (1 1] (1 1] (1 1] (1 1] (1 1] (1 1] (1 1] (1 1] (1 1] (1 1] (1 1] (1 1] (1 1] (1 1] (1 1] (1 1] - 
(1 1] (1 1] (1 1] (1 1] (1 1] (1 1] (1 1] (1 1] (1 1] (1 1] (1 1] (1 1] (1 1] (1 1] (1 1] (1 1] (1 1] (1 1] (1 1] (1 1] - 
(1 1] (1 1] (1 1] (1 1] (1 1] (1 1] (1 1] (1 1] (1 1] (1 1] (1 1] (1 1] (1 1] (1 1] (1 1] (1 1] (1 1] (1 1] (1 1] (1 1] - 
(1 1] (1 1] (1 1] (1 1] (1 1] (1 1] (1 1] (1 1] (1 1] (1 1] (1 1] (1 1] (1 1] (1 1] (1 1] (1 1] (1 1] (1 1] (1 1] (1 1] - 
(1 1] (1 1] (1 1] (1 1] (1 1] (1 1] (1 1] (1 1] (1 1] (1 1] (1 1] (1 1] (1 1] (1 1] (1 1] (1 1] (1 1] (1 1] (1 1] (1 1] - 
(1 1] (1 1] (1 1] (1 1] (1 1] (1 1] (1 1] (1 1] (1 1] (1 1] (1 1] (1 1] (1 1] (1 1] (1 1] (1 1] (1 1] (1 1] (1 1] (1 1] - 
(1 1] (1 1] (1 1] (1 1] (1 1] (1 1] (1 1] (1 1] (1 1] (1 1] (1 1] (1 1] (1 1] (1 1] (1 1] (1 1] (1 1] (1 1] (1 1] (1 1] - 
(1 1] (1 1] (1 1] (1 1] (1 1] (1 1] (1 1] (1 1] (1 1] (1 1] (1 1] (1 1] (1 1] (1 1] (1 1] (1 1] (1 1] (1 1] (1 1] (1 1] - 
(1 1] (1 1] (1 1] (1 1] (1 1] (1 1] (1 1] (1 1] (1 1] (1 1] (1 1] (1 1] (1 1] (1 1] (1 1] (1 1] (1 1] (1 1] (1 1] (1 1] - 
(1 1] (1 1] (1 1] (1 1] (1 1] (1 1] (1 1] (1 1] (1 1] (1 1] (1 1] (1 1] (1 1] (1 1] (1 1] (1 1] (1 1] (1 1] (1 1] (1 1] - 
(1 1] (1 1] (1 1] (1 1] (1 1] (1 1] (1 1] (1 1] (1 1] (1 1] (1 1] (1 1] (1 1] (1 1] (1 1] (1 1] (1 1] (1 1] (1 1] (1 1] - 
(1 1] (1 1] (1 1] (1 1] (1 1] (1 1] (1 1] (1 1] (1 1] (1 1] (1 1] (1 1] (1 1] (1 1] (1 1] (1 1] (1 1] (1 1] (1 1] (1 1] - 
(1 1] (1 1] (1 1] (1 1] (1 1] (1 1] (1 1] (1 1] (1 1] (1 1] (1 1] (1 1] (1 1] (1 1] (1 1] (1 1] (1 1] (1 1] (1 1] (1 1] - 
(1 1] (1 1] (1 1] (1 1] (1 1] (1 1] (1 1] (1 1] (1 1] (1 1] (1 1] (1 1] (1 1] (1 1] (1 1] (1 1] (1 1] (1 1] (1 1] (1 1] - 
(1 1] (1 1] (1 1] (1 1] (1 1] (1 1] (1 1] (1 1] (1 1] (1 1] (1 1] (1 1] (1 1] (1 1] (1 1] (1 1] (1 1] (1 1] (1 1] (1 1] - 
(1 1] (1 1] (1 1] (1 1] (1 1] (1 1] (1 1] (1 1] (1 1] (1 1] (1 1] (1 1] (1 1] (1 1] (1 1] (1 1] (1 1] (1 1] (1 1] (1 1] - 
(1 1] (1 1] (1 1] (1 1] (1 1] (1 1] (1 1] (1 1] (1 1] (1 1] (1 1] (1 1] (1 1] (1 1] (1 1] (1 1] (1 1] (1 1] (1 1] (1 1] - 
(1 1] (1 1] (1 1] (1 1] (1 1] (1 1] (1 1] (1 1] (1 1] (1 1] (1 1] (1 1] (1 1] (1 1] (1 1] (1 1] (1 1] (1 1] (1 1] (1 1] - 
(1 1] (1 1] (1 1] (1 1] (1 1] (1 1] (1 1] (1 1] (1 1] (1 1] (1 1] (1 1] (1 1] (1 1] (1 1] (1 1] (1 1] (1 1] (1 1] (1 1] - 
----
Traps: Trap 1: 
MainSwitch: 0
SwitchPositions: ----

TrapData: ----

Wiring: ----

--EndTrap--

Trap 2: 
MainSwitch: 0
SwitchPositions: ----

TrapData: ----

Wiring: ----

--EndTrap--

Trap 3: 
MainSwitch: 0
SwitchPositions: ----

TrapData: ----

Wiring: ----

--EndTrap--

Trap 4: 
MainSwitch: 0
SwitchPositions: ----

TrapData: ----

Wiring: ----

--EndTrap--

Trap 5: 
MainSwitch: 0
SwitchPositions: ----

TrapData: ----

Wiring: ----

--EndTrap--

Trap 6: 
MainSwitch: 0
SwitchPositions: ----

TrapData: ----

Wiring: ----

--EndTrap--

Trap 7: 
MainSwitch: 0
SwitchPositions: ----

TrapData: ----

Wiring: ----

--EndTrap--

Trap 8: 
MainSwitch: 0
SwitchPositions: ----

TrapData: ----

Wiring: ----

--EndTrap--

Trap 9: 
MainSwitch: 0
SwitchPositions: ----

TrapData: ----

Wiring: ----

--EndTrap--

Trap 10: 
MainSwitch: 0
SwitchPositions: ----

TrapData: ----

Wiring: ----

--EndTrap--

--EndTraps--


--EndTrack--