


--StartTrack--

TrackNumber: 3
Width: 20 Height: 20
StartingPositions: 8 10

Tiles: (1 1) (1 1) (1 1) (1 1) (1 1) (1 1) (1 1) (1 1) (1 1) (1 1) (1 1) (1 1) (1 1) (1 1) (1 1) (1 1) (1 1) (1 1) (1 1) (1 1) 
(1 1) (1 1) (1 1) (1 1) (1 1) (1 1) (1 1) (1 1) (1 1) (1 1) (1 1) (1 1) (1 1) (1 1) (1 1) (1 1) (1 1) (1 1) (1 1) (1 1) 
(1 1) (1 1) (1 1) (1 1) (1 1) (1 1) (1 1) (1 1) (1 1) (1 1) (1 1) (1 1) (1 1) (1 1) (1 1) (1 1) (1 1) (1 1) (1 1) (1 1) 
(1 1) (1 1) (1 1) (1 1) (1 1) (1 1) (1 1) (1 1) (1 1) (1 1) (1 1) (1 1) (1 1) (1 1) (1 1) (1 1) (1 1) (1 1) (1 1) (1 1) 
(1 1) (1 1) (1 1) (1 1) (1 1) (1 1) (1 1) (1 1) (1 1) (1 1) (1 1) (1 1) (1 1) (1 1) (1 1) (1 1) (1 1) (1 1) (1 1) (1 1) 
(0 0) (0 0) (0 0) (0 0) (0 0) (0 0) (0 0) (0 0) (1 1) (1 1) (1 1) (1 1) (1 1) (1 1) (1 1) (1 1) (1 1) (1 1) (1 1) (1 1) 
(0 0) (1 1) (1 1) (1 1) (1 1) (1 1) (1 1) (1 1) (1 1) (1 1) (1 1) (1 1) (1 1) (1 1) (1 1) (1 1) (1 1) (1 1) (1 1) (1 1) 
(0 0) (1 1) (1 1) (1 1) (1 1) (1 1) (1 1) (1 1) (1 1) (3 1) (1 1) (1 1) (1 1) (1 1) (1 1) (1 1) (1 1) (1 1) (1 1) (1 1) 
(0 0) (1 1) (1 1) (1 1) (1 1) (1 1) (1 1) (1 1) (1 1) (4 4) (1 1) (1 1) (1 1) (1 1) (1 1) (1 1) (1 1) (1 1) (1 1) (1 1) 
(0 0) (1 1) (1 1) (1 1) (1 1) (1 1) (1 1) (1 1) (1 1) (4 4) (1 1) (1 1) (1 1) (1 1) (1 1) (1 1) (1 1) (1 1) (1 1) (1 1) 
(0 0) (1 1) (1 1) (1 1) (1 1) (1 1) (1 1) (1 1) (1 1) (4 4) (1 1) (1 1) (1 1) (1 1) (1 1) (1 1) (1 1) (1 1) (1 1) (1 1) 
(0 0) (1 1) (1 1) (1 1) (1 1) (1 1) (1 1) (1 1) (1 1) (4 4) (1 1) (1 1) (1 1) (1 1) (1 1) (1 1) (1 1) (1 1) (1 1) (1 1) 
(0 0) (1 1) (1 1) (1 1) (1 1) (1 1) (1 1) (1 1) (1 1) (1 1) (1 1) (1 1) (1 1) (1 1) (1 1) (1 1) (1 1) (1 1) (1 1) (1 1) 
(1 1) (1 1) (1 1) (1 1) (1 1) (1 1) (1 1) (1 1) (1 1) (1 1) (1 1) (1 1) (1 1) (1 1) (1 1) (1 1) (1 1) (1 1) (1 1) (1 1) 
(0 0) (1 1) (0 0) (1 1) (1 1) (1 1) (1 1) (1 1) (0 0) (1 1) (1 1) (0 0) (1 1) (1 1) (1 1) (1 1) (1 1) (1 1) (1 1) (1 1) 
(1 1) (0 0) (1 1) (1 1) (0 0) (0 0) (1 1) (1 1) (1 1) (1 1) (1 1) (0 0) (1 1) (1 1) (1 1) (1 1) (1 1) (1 1) (1 1) (1 1) 
(1 1) (1 1) (1 1) (1 1) (1 1) (1 1) (1 1) (1 1) (1 1) (1 1) (0 0) (1 1) (1 1) (1 1) (1 1) (1 1) (1 1) (1 1) (1 1) (1 1) 
(1 1) (1 1) (1 1) (1 1) (1 1) (1 1) (1 1) (1 1) (1 1) (1 1) (1 1) (1 1) (1 1) (1 1) (1 1) (1 1) (1 1) (1 1) (1 1) (1 1) 
(1 1) (1 1) (1 1) (1 1) (1 1) (1 1) (1 1) (1 1) (1 1) (1 1) (1 1) (1 1) (1 1) (1 1) (1 1) (1 1) (1 1) (1 1) (1 1) (1 1) 
(1 1) (1 1) (1 1) (1 1) (1 1) (1 1) (1 1) (1 1) (1 1) (1 1) (1 1) (1 1) (1 1) (1 1) (1 1) (1 1) (1 1) (1 1) (1 1) (1 1) 

--EndTrack--


--StartTrack--

TrackNumber: 2
Width: 20 Height: 20
StartingPositions: 0 0
1 0
2 0
3 0

Tiles: (1 1) (1 1) (1 1) (1 1) (1 1) (1 1) (1 1) (1 1) (1 1) (1 1) (1 1) (1 1) (1 1) (1 1) (1 1) (1 1) (1 1) (1 1) (1 1) (1 1) 
(1 1) (1 1) (1 1) (1 1) (1 1) (1 1) (1 1) (1 1) (1 1) (1 1) (1 1) (1 1) (1 1) (1 1) (1 1) (1 1) (1 1) (1 1) (1 1) (1 1) 
(1 1) (1 1) (1 1) (1 1) (1 1) (1 1) (1 1) (1 1) (1 1) (1 1) (1 1) (1 1) (1 1) (1 1) (1 1) (1 1) (1 1) (1 1) (1 1) (1 1) 
(1 1) (1 1) (1 1) (1 1) (1 1) (1 1) (1 1) (1 1) (1 1) (1 1) (1 1) (1 1) (1 1) (1 1) (1 1) (1 1) (1 1) (1 1) (1 1) (1 1) 
(1 1) (1 1) (1 1) (1 1) (1 1) (1 1) (1 1) (1 1) (1 1) (1 1) (1 1) (1 1) (1 1) (1 1) (1 1) (1 1) (1 1) (1 1) (1 1) (1 1) 
(1 1) (1 1) (1 1) (1 1) (1 1) (1 1) (1 1) (1 1) (1 1) (1 1) (1 1) (1 1) (1 1) (1 1) (1 1) (1 1) (1 1) (1 1) (1 1) (1 1) 
(1 1) (1 1) (1 1) (1 1) (1 1) (1 1) (1 1) (1 1) (1 1) (1 1) (1 1) (1 1) (1 1) (1 1) (1 1) (1 1) (1 1) (1 1) (1 1) (1 1) 
(1 1) (1 1) (1 1) (1 1) (1 1) (1 1) (1 1) (1 1) (1 1) (1 1) (1 1) (1 1) (1 1) (1 1) (1 1) (1 1) (1 1) (1 1) (1 1) (1 1) 
(1 1) (1 1) (1 1) (1 1) (1 1) (1 1) (1 1) (1 1) (1 1) (1 1) (1 1) (1 1) (1 1) (1 1) (1 1) (1 1) (1 1) (1 1) (1 1) (1 1) 
(1 1) (1 1) (1 1) (1 1) (1 1) (1 1) (1 1) (1 1) (1 1) (1 1) (1 1) (1 1) (1 1) (1 1) (1 1) (1 1) (1 1) (1 1) (1 1) (1 1) 
(1 1) (1 1) (1 1) (1 1) (1 1) (1 1) (1 1) (1 1) (1 1) (1 1) (1 1) (1 1) (1 1) (1 1) (1 1) (1 1) (1 1) (1 1) (1 1) (1 1) 
(1 1) (1 1) (1 1) (1 1) (1 1) (1 1) (1 1) (1 1) (1 1) (1 1) (1 1) (1 1) (1 1) (1 1) (1 1) (1 1) (1 1) (1 1) (1 1) (1 1) 
(1 1) (1 1) (1 1) (1 1) (1 1) (1 1) (1 1) (1 1) (1 1) (1 1) (1 1) (1 1) (1 1) (1 1) (1 1) (1 1) (1 1) (1 1) (1 1) (1 1) 
(1 1) (1 1) (1 1) (1 1) (1 1) (1 1) (1 1) (1 1) (1 1) (1 1) (1 1) (1 1) (1 1) (1 1) (1 1) (1 1) (1 1) (1 1) (1 1) (1 1) 
(1 1) (1 1) (1 1) (1 1) (1 1) (1 1) (1 1) (1 1) (1 1) (1 1) (1 1) (1 1) (1 1) (1 1) (1 1) (1 1) (1 1) (1 1) (1 1) (1 1) 
(1 1) (1 1) (1 1) (1 1) (1 1) (1 1) (1 1) (1 1) (1 1) (1 1) (1 1) (1 1) (1 1) (1 1) (1 1) (1 1) (1 1) (1 1) (1 1) (1 1) 
(1 1) (1 1) (1 1) (1 1) (1 1) (1 1) (1 1) (1 1) (1 1) (1 1) (1 1) (1 1) (1 1) (1 1) (1 1) (1 1) (1 1) (1 1) (1 1) (1 1) 
(1 1) (1 1) (1 1) (1 1) (1 1) (1 1) (1 1) (1 1) (1 1) (1 1) (1 1) (1 1) (1 1) (1 1) (1 1) (1 1) (1 1) (1 1) (1 1) (1 1) 
(1 1) (1 1) (1 1) (1 1) (1 1) (1 1) (1 1) (1 1) (1 1) (1 1) (1 1) (1 1) (1 1) (1 1) (1 1) (1 1) (1 1) (1 1) (1 1) (1 1) 
(1 1) (1 1) (1 1) (1 1) (1 1) (1 1) (1 1) (1 1) (1 1) (1 1) (1 1) (1 1) (1 1) (1 1) (1 1) (1 1) (1 1) (1 1) (1 1) (1 1) 

--EndTrack--


--StartTrack--

TrackNumber: 1
Width: 30 Height: 20
StartingPositions: 0 0

Tiles: (1 1) (1 1) (1 1) (1 1) (1 1) (1 1) (1 1) (1 1) (1 1) (1 1) (1 1) (1 1) (1 1) (1 1) (1 1) (1 1) (1 1) (1 1) (1 1) (1 1) (1 1) (1 1) (1 1) (1 1) (1 1) (1 1) (1 1) (1 1) (1 1) (1 1) 
(1 1) (1 1) (1 1) (1 1) (1 1) (1 1) (1 1) (1 1) (1 1) (1 1) (1 1) (1 1) (1 1) (1 1) (1 1) (1 1) (1 1) (1 1) (1 1) (1 1) (1 1) (1 1) (1 1) (1 1) (1 1) (1 1) (1 1) (1 1) (1 1) (1 1) 
(1 1) (1 1) (1 1) (1 1) (1 1) (1 1) (1 1) (1 1) (1 1) (1 1) (1 1) (1 1) (1 1) (1 1) (1 1) (1 1) (1 1) (1 1) (1 1) (1 1) (1 1) (1 1) (1 1) (1 1) (1 1) (1 1) (1 1) (1 1) (1 1) (1 1) 
(1 1) (1 1) (1 1) (1 1) (1 1) (1 1) (1 1) (1 1) (1 1) (1 1) (1 1) (1 1) (1 1) (1 1) (1 1) (1 1) (1 1) (1 1) (1 1) (1 1) (1 1) (1 1) (1 1) (1 1) (1 1) (1 1) (1 1) (1 1) (1 1) (1 1) 
(1 1) (1 1) (1 1) (1 1) (1 1) (1 1) (1 1) (1 1) (1 1) (1 1) (1 1) (1 1) (1 1) (1 1) (1 1) (1 1) (1 1) (1 1) (1 1) (1 1) (1 1) (1 1) (1 1) (1 1) (1 1) (1 1) (1 1) (1 1) (1 1) (1 1) 
(1 1) (1 1) (1 1) (1 1) (1 1) (1 1) (1 1) (1 1) (1 1) (1 1) (1 1) (1 1) (1 1) (1 1) (1 1) (1 1) (1 1) (1 1) (1 1) (1 1) (1 1) (1 1) (1 1) (1 1) (1 1) (1 1) (1 1) (1 1) (1 1) (1 1) 
(1 1) (1 1) (1 1) (1 1) (1 1) (1 1) (1 1) (1 1) (1 1) (1 1) (1 1) (1 1) (1 1) (1 1) (1 1) (1 1) (1 1) (1 1) (1 1) (1 1) (1 1) (1 1) (1 1) (1 1) (1 1) (1 1) (1 1) (1 1) (1 1) (1 1) 
(1 1) (1 1) (1 1) (1 1) (1 1) (1 1) (1 1) (1 1) (1 1) (1 1) (1 1) (1 1) (1 1) (1 1) (1 1) (1 1) (1 1) (1 1) (1 1) (1 1) (1 1) (1 1) (1 1) (1 1) (1 1) (1 1) (1 1) (1 1) (1 1) (1 1) 
(1 1) (1 1) (1 1) (1 1) (1 1) (1 1) (1 1) (1 1) (1 1) (1 1) (1 1) (1 1) (1 1) (1 1) (1 1) (1 1) (1 1) (1 1) (1 1) (1 1) (1 1) (1 1) (1 1) (1 1) (1 1) (1 1) (1 1) (1 1) (1 1) (1 1) 
(1 1) (1 1) (1 1) (1 1) (1 1) (1 1) (1 1) (1 1) (1 1) (1 1) (1 1) (1 1) (1 1) (1 1) (1 1) (1 1) (1 1) (1 1) (1 1) (1 1) (1 1) (1 1) (1 1) (1 1) (1 1) (1 1) (1 1) (1 1) (1 1) (1 1) 
(1 1) (1 1) (1 1) (1 1) (1 1) (1 1) (1 1) (1 1) (1 1) (1 1) (1 1) (1 1) (1 1) (1 1) (1 1) (1 1) (1 1) (1 1) (1 1) (1 1) (1 1) (1 1) (1 1) (1 1) (1 1) (1 1) (1 1) (1 1) (1 1) (1 1) 
(1 1) (1 1) (1 1) (1 1) (1 1) (1 1) (1 1) (1 1) (1 1) (1 1) (1 1) (1 1) (1 1) (1 1) (1 1) (1 1) (1 1) (1 1) (1 1) (1 1) (1 1) (1 1) (1 1) (1 1) (1 1) (1 1) (1 1) (1 1) (1 1) (1 1) 
(1 1) (1 1) (1 1) (1 1) (1 1) (1 1) (1 1) (1 1) (1 1) (1 1) (1 1) (1 1) (1 1) (1 1) (1 1) (1 1) (1 1) (1 1) (1 1) (1 1) (1 1) (1 1) (1 1) (1 1) (1 1) (1 1) (1 1) (1 1) (1 1) (1 1) 
(1 1) (1 1) (1 1) (1 1) (1 1) (1 1) (1 1) (1 1) (1 1) (1 1) (1 1) (1 1) (1 1) (1 1) (1 1) (1 1) (1 1) (1 1) (1 1) (1 1) (1 1) (1 1) (1 1) (1 1) (1 1) (1 1) (1 1) (1 1) (1 1) (1 1) 
(1 1) (1 1) (1 1) (1 1) (1 1) (1 1) (1 1) (1 1) (1 1) (1 1) (1 1) (1 1) (1 1) (1 1) (1 1) (1 1) (1 1) (1 1) (1 1) (1 1) (1 1) (1 1) (1 1) (1 1) (1 1) (1 1) (1 1) (1 1) (1 1) (1 1) 
(1 1) (1 1) (1 1) (1 1) (1 1) (1 1) (1 1) (1 1) (1 1) (1 1) (1 1) (1 1) (1 1) (1 1) (1 1) (1 1) (1 1) (1 1) (1 1) (1 1) (1 1) (1 1) (1 1) (1 1) (1 1) (1 1) (1 1) (1 1) (1 1) (1 1) 
(1 1) (1 1) (1 1) (1 1) (1 1) (1 1) (1 1) (1 1) (1 1) (1 1) (1 1) (1 1) (1 1) (1 1) (1 1) (1 1) (1 1) (1 1) (1 1) (1 1) (1 1) (1 1) (1 1) (1 1) (1 1) (1 1) (1 1) (1 1) (1 1) (1 1) 
(1 1) (1 1) (1 1) (1 1) (1 1) (1 1) (1 1) (1 1) (1 1) (1 1) (1 1) (1 1) (1 1) (1 1) (1 1) (1 1) (1 1) (1 1) (1 1) (1 1) (1 1) (1 1) (1 1) (1 1) (1 1) (1 1) (1 1) (1 1) (1 1) (1 1) 
(1 1) (1 1) (1 1) (1 1) (1 1) (1 1) (1 1) (1 1) (1 1) (1 1) (1 1) (1 1) (1 1) (1 1) (1 1) (1 1) (1 1) (1 1) (1 1) (1 1) (1 1) (1 1) (1 1) (1 1) (1 1) (1 1) (1 1) (1 1) (1 1) (1 1) 
(1 1) (1 1) (1 1) (1 1) (1 1) (1 1) (1 1) (1 1) (1 1) (1 1) (1 1) (1 1) (1 1) (1 1) (1 1) (1 1) (1 1) (1 1) (1 1) (1 1) (1 1) (1 1) (1 1) (1 1) (1 1) (1 1) (1 1) (1 1) (1 1) (1 1) 

--EndTrack--